97295
399878
312865
47555
241813
299165
378657
79683
115712
4908
389118
419386
19806
324465
112461
159623
661
737
60338
2258
61277
6741
379123
29128
177146
248620
35362
96270
263465
62393
252859
222693
272512
429394
329123
42421
394241
32450
432868
151953
167884
18806
33655
48950
100674
117024
22260
234372
133988
100169
104891
14695
237606
164278
398925
3807
22556
170215
127945
292830
435300
245742
45692
48528
25146
102928
187921
118376
900
93075
120011
8779
230227
39484
227632
4165
3228
311719
41094
35728
250692
334638
326595
2839
58774
607
11856
49666
8100
41815
1199
5926
195910
68499
186480
131380
362714
47735
1901
280916
182834
3865
251461
10757
121535
266993
204
198279
85113
267786
390430
28264
138772
282042
339023
23939
121811
254403
254015
158686
2496
375448
20047
299583
72393
224142
142098
89568
156188
7157
5419
6346
80896
314141
82938
11154
118921
38375
288073
343089
20993
125426
518
51929
35049
212279
25670
70878
209431
422487
163021
373176
283
285342
14486
16160
87410
129325
422977
31712
8343
1706
262447
244981
221753
127101
297252
110666
392311
213350
67169
20
44452
331298
12595
140694
91399
26
241435
310030
188707
274505
204764
289301
308310
34049
203090
379
400356
122364
21812
7884
3362
30887
15341
16672
10969
75162
23101
16784
293900
130614
261662
8991
39650
26343
32990
104201
38
365841
9358
438613
99477
411907
260750
137071
442
77
172
359014
194554
258482
3039
50867
74289
139530
50
95694
197590
78205
26481
135237
200557
404916
7454
1
17225
2580
10255
232667
18263
31862
11
13508
149396
86361
113525
6491
193672
125706
83170
142
39155
36576
226300
362258
77756
15906
55072
45284
305104
0
269792
63326
59874
5575
208517
1859
71887
13115
65624
54880
368621
316337
2025
382855
244097
15449
191683
158998
176266
4556
1117
180969
336990
53602
37000
20693
436636
4225
3566
94722
73685
43101
439111
20329
76616
56387
55457
384115
165156
11952
173567
94044
355639
107367
322088
212992
111843
232295
318632
318202
558
43782
2987
276831
327895
46223
427113
105
416318
207116
265
1367
40782
109986
106431
29785
30303
2169
143517
154851
179981
135911
7
339465
42929
57451
279099
89808
351989
136779
19586
3694
257388
67379
23231
870
3
1440
2304
60739
186816
377728
65056
53792
7532
363627
24287
407221
85813
27601
75384
397197
156498
347896
343978
330860
306634
190743
11392
238654
172267
52793
322520
29496
17855
14801
50138
24552
275627
206764
64064
30739
145817
1666
200905
246124
90589
219517
169317
1526
418250
354587
146621
9690
198625
123366
37729
13015
372714
68924
303843
46045
67
1052
62917
101904
117
220
341941
387250
113257
224508
57255
229233
425725
272912
409663
4346
6961
154135
9160
8261
87648
51373
147924
6274
126819
266597
2725
5856
37891
386156
108150
210491
182169
34893
236122
4748
415832
216770
183696
284934
304263
133444
218175
84511
353239
14006
97545
103184
18496
335
420
348344
68007
290409
58576
69474
12253
406260
17515
78431
21686
5157
152259
142691
345016
167140
27882
115442
174216
442011
174974
71454
179651
25806
980
296284
287119
162705
217454
161765
27277
1331
13610
92123
413159
150180
5223
10489
147222
107888
82030
356544
369081
765
79911
9778
