250
478
427
180
379
418
466
228
271
65
472
489
121
434
267
314
27
28
201
46
203
75
467
144
329
384
158
249
395
204
387
365
400
494
437
171
475
152
495
306
321
119
154
183
254
272
128
374
289
253
259
106
376
318
477
58
129
323
284
414
496
382
177
182
135
256
338
273
31
245
275
84
371
166
369
60
54
426
169
159
385
440
435
51
199
26
96
184
81
170
35
71
344
213
336
287
457
181
43
406
334
59
386
92
276
397
16
346
235
398
473
143
294
407
442
132
277
389
388
312
48
464
122
419
219
366
297
240
310
77
68
73
230
428
232
94
274
164
411
445
125
280
24
188
157
357
136
216
355
490
317
463
19
409
105
111
238
285
491
150
83
41
394
381
364
283
417
265
474
359
210
6
175
439
99
296
243
7
378
425
339
402
351
412
424
155
350
21
479
278
127
80
55
149
108
112
93
222
130
113
415
286
393
85
167
138
153
258
8
459
87
498
252
484
392
293
23
11
15
455
343
391
53
186
221
295
9
248
345
226
139
290
348
480
78
2
114
49
90
373
117
151
5
102
304
237
269
74
342
281
233
14
165
160
368
456
225
110
193
176
422
1
399
206
200
69
354
42
218
101
209
192
460
429
44
468
380
109
341
313
328
63
34
332
441
190
161
124
497
61
56
247
220
173
499
123
224
195
194
469
319
97
325
246
453
261
432
358
266
372
431
430
25
174
52
404
436
179
493
12
487
353
18
37
168
264
260
146
147
45
299
309
331
291
4
443
172
197
405
241
450
292
120
57
390
211
131
30
3
38
47
202
337
465
208
191
79
458
133
482
236
141
223
476
311
448
446
438
423
340
95
377
324
189
433
145
116
107
185
134
403
352
207
148
300
40
349
383
242
363
322
39
488
452
301
88
347
279
162
100
462
214
420
178
10
33
205
255
13
17
444
471
268
367
196
370
492
401
483
62
76
308
86
82
239
187
303
72
282
396
50
70
163
470
263
356
333
156
375
64
486
360
335
408
421
288
362
234
451
104
251
257
118
20
22
449
212
413
198
215
98
481
115
227
126
66
307
298
447
320
142
270
326
500
327
217
330
137
32
416
410
316
361
315
140
36
103
244
485
305
67
91
302
262
231
454
461
29
229
89
0
